gene_id
499335632 
499319746 
499343324 
499316477 
499350390 
499335640 
499341116 
499309405 
499338160 
499321470 
499315150 
499349585 
499354251 
499350278 
499329761 
499311697 
499319586 
499320685 
499341039 
499337158 
499334246 
499324217 
499316416 
499353774 
499315152 
499324133 
499316828 
499314026 
499328572 
499315035 
499333256 
499339845 
499351162 
499332266 
499347171 
499316285 
499341807 
499312546 
499305312 
499335532 
499346053 
499347306 
499350653 
499347503 
499342171 
499347093 
499348709 
499343925 
499347180 
499327609 
499345182 
499328791 
499338253 
499333194 
499326576 
499346327 
499339251 
499314311 
499333912 
499316053 
499306751 
499347302 
499306008 
499339651 
499311903 
499339847 
499352348 
499350053 
499331477 
499324452 
499305614 
499331694 
499345848 
499350242 
499305002 
499308342 
499344973 
499326115 
499323443 
499307593 
499323388 
499317066 
499307697 
499307698 
499306569 
499307694 
499306077 
499305291 
499319506 
499332417 
499317066 
499306569 
499307698 
499307697 
499319506 
499307694 
499314929 
499305291 
499351337 
499307692 
